let states = [
    {
      name: "Arizona",
      location: [[[-109.042503,37.000263],[-109.04798,31.331629],[-111.074448,31.331629],[-112.246513,31.704061],[-114.815198,32.492741],[-114.72209,32.717295],[-114.524921,32.755634],[-114.470151,32.843265],[-114.524921,33.029481],[-114.661844,33.034958],[-114.727567,33.40739],[-114.524921,33.54979],[-114.497536,33.697668],[-114.535874,33.933176],[-114.415382,34.108438],[-114.256551,34.174162],[-114.136058,34.305608],[-114.333228,34.448009],[-114.470151,34.710902],[-114.634459,34.87521],[-114.634459,35.00118],[-114.574213,35.138103],[-114.596121,35.324319],[-114.678275,35.516012],[-114.738521,36.102045],[-114.371566,36.140383],[-114.251074,36.01989],[-114.152489,36.025367],[-114.048427,36.195153],[-114.048427,37.000263],[-110.499369,37.00574],[-109.042503,37.000263]]],
      dem_votes: 1672143,
      rep_votes: 1661686,
      other_votes: 53497,
      margin: -0.035456,
      total_votes: 2573165
    },
    {
        name: "Florida",
        location: [[[-85.497137,30.997536],[-85.004212,31.003013],[-84.867289,30.712735],[-83.498053,30.647012],[-82.216449,30.570335],[-82.167157,30.356734],[-82.046664,30.362211],[-82.002849,30.564858],[-82.041187,30.751074],[-81.948079,30.827751],[-81.718048,30.745597],[-81.444201,30.707258],[-81.383954,30.27458],[-81.257985,29.787132],[-80.967707,29.14633],[-80.524075,28.461713],[-80.589798,28.41242],[-80.56789,28.094758],[-80.381674,27.738757],[-80.091397,27.021277],[-80.03115,26.796723],[-80.036627,26.566691],[-80.146166,25.739673],[-80.239274,25.723243],[-80.337859,25.465826],[-80.304997,25.383672],[-80.49669,25.197456],[-80.573367,25.241272],[-80.759583,25.164595],[-81.077246,25.120779],[-81.170354,25.224841],[-81.126538,25.378195],[-81.351093,25.821827],[-81.526355,25.903982],[-81.679709,25.843735],[-81.800202,26.090198],[-81.833064,26.292844],[-82.041187,26.517399],[-82.09048,26.665276],[-82.057618,26.878877],[-82.172634,26.917216],[-82.145249,26.791246],[-82.249311,26.758384],[-82.566974,27.300601],[-82.692943,27.437525],[-82.391711,27.837342],[-82.588881,27.815434],[-82.720328,27.689464],[-82.851774,27.886634],[-82.676512,28.434328],[-82.643651,28.888914],[-82.764143,28.998453],[-82.802482,29.14633],[-82.994175,29.179192],[-83.218729,29.420177],[-83.399469,29.518762],[-83.410422,29.66664],[-83.536392,29.721409],[-83.640454,29.885717],[-84.02384,30.104795],[-84.357933,30.055502],[-84.341502,29.902148],[-84.451041,29.929533],[-84.867289,29.743317],[-85.310921,29.699501],[-85.299967,29.80904],[-85.404029,29.940487],[-85.924338,30.236241],[-86.29677,30.362211],[-86.630863,30.395073],[-86.910187,30.373165],[-87.518128,30.280057],[-87.37025,30.427934],[-87.446927,30.510088],[-87.408589,30.674397],[-87.633143,30.86609],[-87.600282,30.997536],[-85.497137,30.997536]]],
        dem_votes: 5297045,
        rep_votes: 5668731,
        other_votes: 101680,
        margin: -0.011986,
        total_votes: 9420039
    },
    {
        name: "Georgia",
        location: [[[-83.109191,35.00118],[-83.322791,34.787579],[-83.339222,34.683517],[-83.005129,34.469916],[-82.901067,34.486347],[-82.747713,34.26727],[-82.714851,34.152254],[-82.55602,33.94413],[-82.325988,33.81816],[-82.194542,33.631944],[-81.926172,33.462159],[-81.937125,33.347144],[-81.761863,33.160928],[-81.493493,33.007573],[-81.42777,32.843265],[-81.416816,32.629664],[-81.279893,32.558464],[-81.121061,32.290094],[-81.115584,32.120309],[-80.885553,32.032678],[-81.132015,31.693108],[-81.175831,31.517845],[-81.279893,31.364491],[-81.290846,31.20566],[-81.400385,31.13446],[-81.444201,30.707258],[-81.718048,30.745597],[-81.948079,30.827751],[-82.041187,30.751074],[-82.002849,30.564858],[-82.046664,30.362211],[-82.167157,30.356734],[-82.216449,30.570335],[-83.498053,30.647012],[-84.867289,30.712735],[-85.004212,31.003013],[-85.113751,31.27686],[-85.042551,31.539753],[-85.141136,31.840985],[-85.053504,32.01077],[-85.058981,32.13674],[-84.889196,32.262709],[-85.004212,32.322956],[-84.960397,32.421541],[-85.069935,32.580372],[-85.184951,32.859696],[-85.431413,34.124869],[-85.606675,34.984749],[-84.319594,34.990226],[-83.618546,34.984749],[-83.109191,35.00118]]],
        dem_votes: 2473633,
        rep_votes: 2461854,
        other_votes: 62229,
        margin: -0.051313,
        total_votes: 4092373
    },
    {
        name: "Iowa",
        location: [[[-91.368417,43.501391],[-91.215062,43.501391],[-91.204109,43.353514],[-91.056231,43.254929],[-91.176724,43.134436],[-91.143862,42.909881],[-91.067185,42.75105],[-90.711184,42.636034],[-90.639984,42.510065],[-90.420906,42.329326],[-90.393521,42.225264],[-90.168967,42.126679],[-90.141582,42.000709],[-90.179921,41.809016],[-90.311367,41.743293],[-90.344229,41.589939],[-90.656414,41.463969],[-91.045277,41.414677],[-91.111001,41.239415],[-90.946692,41.097014],[-90.963123,40.921752],[-91.09457,40.823167],[-91.121954,40.669813],[-91.401278,40.560274],[-91.417709,40.379535],[-91.527248,40.412397],[-91.729895,40.615043],[-91.833957,40.609566],[-93.257961,40.582182],[-94.632673,40.571228],[-95.7664,40.587659],[-95.881416,40.719105],[-95.826646,40.976521],[-95.925231,41.201076],[-95.919754,41.453015],[-96.095016,41.540646],[-96.122401,41.67757],[-96.062155,41.798063],[-96.127878,41.973325],[-96.264801,42.039048],[-96.44554,42.488157],[-96.631756,42.707235],[-96.544125,42.855112],[-96.511264,43.052282],[-96.434587,43.123482],[-96.560556,43.222067],[-96.527695,43.397329],[-96.582464,43.479483],[-96.451017,43.501391],[-91.368417,43.501391]]],
        dem_votes: 759061,
        rep_votes: 897672,
        other_votes: 34138,
        margin: -0.094068,
        total_votes: 1566031
    },
    {
        name: "Maine",
        location: [[[-70.703921,43.057759],[-70.824413,43.128959],[-70.807983,43.227544],[-70.966814,43.34256],[-71.032537,44.657025],[-71.08183,45.303304],[-70.649151,45.440228],[-70.720352,45.511428],[-70.556043,45.664782],[-70.386258,45.735983],[-70.41912,45.796229],[-70.260289,45.889337],[-70.309581,46.064599],[-70.210996,46.327492],[-70.057642,46.415123],[-69.997395,46.694447],[-69.225147,47.461219],[-69.044408,47.428357],[-69.033454,47.242141],[-68.902007,47.176418],[-68.578868,47.285957],[-68.376221,47.285957],[-68.233821,47.357157],[-67.954497,47.198326],[-67.790188,47.066879],[-67.779235,45.944106],[-67.801142,45.675736],[-67.456095,45.604536],[-67.505388,45.48952],[-67.417757,45.379982],[-67.488957,45.281397],[-67.346556,45.128042],[-67.16034,45.160904],[-66.979601,44.804903],[-67.187725,44.646072],[-67.308218,44.706318],[-67.406803,44.596779],[-67.549203,44.624164],[-67.565634,44.531056],[-67.75185,44.54201],[-68.047605,44.328409],[-68.118805,44.476286],[-68.222867,44.48724],[-68.173574,44.328409],[-68.403606,44.251732],[-68.458375,44.377701],[-68.567914,44.311978],[-68.82533,44.311978],[-68.830807,44.459856],[-68.984161,44.426994],[-68.956777,44.322932],[-69.099177,44.103854],[-69.071793,44.043608],[-69.258008,43.923115],[-69.444224,43.966931],[-69.553763,43.840961],[-69.707118,43.82453],[-69.833087,43.720469],[-69.986442,43.742376],[-70.030257,43.851915],[-70.254812,43.676653],[-70.194565,43.567114],[-70.358873,43.528776],[-70.369827,43.435668],[-70.556043,43.320652],[-70.703921,43.057759]]],
        dem_votes: 168696,
        rep_votes: 196692,
        other_votes: 10961,
        margin: -0.102882,
        total_votes: 353416
    },
    {
        name: "Michigan",
        location: [[[[-83.454238,41.732339],[-84.807042,41.694001],[-84.807042,41.759724],[-85.990061,41.759724],[-86.822556,41.759724],[-86.619909,41.891171],[-86.482986,42.115725],[-86.357016,42.252649],[-86.263908,42.444341],[-86.209139,42.718189],[-86.231047,43.013943],[-86.526801,43.594499],[-86.433693,43.813577],[-86.499417,44.07647],[-86.269385,44.34484],[-86.220093,44.569394],[-86.252954,44.689887],[-86.088646,44.73918],[-86.066738,44.903488],[-85.809322,44.947303],[-85.612152,45.128042],[-85.628583,44.766564],[-85.524521,44.750133],[-85.393075,44.930872],[-85.387598,45.237581],[-85.305444,45.314258],[-85.031597,45.363551],[-85.119228,45.577151],[-84.938489,45.75789],[-84.713934,45.768844],[-84.461995,45.653829],[-84.215533,45.637398],[-84.09504,45.494997],[-83.908824,45.484043],[-83.596638,45.352597],[-83.4871,45.358074],[-83.317314,45.144473],[-83.454238,45.029457],[-83.322791,44.88158],[-83.273499,44.711795],[-83.333745,44.339363],[-83.536392,44.246255],[-83.585684,44.054562],[-83.82667,43.988839],[-83.958116,43.758807],[-83.908824,43.671176],[-83.667839,43.589022],[-83.481623,43.714992],[-83.262545,43.972408],[-82.917498,44.070993],[-82.747713,43.994316],[-82.643651,43.851915],[-82.539589,43.435668],[-82.523158,43.227544],[-82.413619,42.975605],[-82.517681,42.614127],[-82.681989,42.559357],[-82.687466,42.690804],[-82.797005,42.652465],[-82.922975,42.351234],[-83.125621,42.236218],[-83.185868,42.006186],[-83.437807,41.814493],[-83.454238,41.732339]]],[[[-85.508091,45.730506],[-85.49166,45.610013],[-85.623106,45.588105],[-85.568337,45.75789],[-85.508091,45.730506]]],[[[-87.589328,45.095181],[-87.742682,45.199243],[-87.649574,45.341643],[-87.885083,45.363551],[-87.791975,45.500474],[-87.781021,45.675736],[-87.989145,45.796229],[-88.10416,45.922199],[-88.531362,46.020784],[-88.662808,45.987922],[-89.09001,46.135799],[-90.119674,46.338446],[-90.229213,46.508231],[-90.415429,46.568478],[-90.026566,46.672539],[-89.851304,46.793032],[-89.413149,46.842325],[-89.128348,46.990202],[-88.996902,46.995679],[-88.887363,47.099741],[-88.575177,47.247618],[-88.416346,47.373588],[-88.180837,47.455742],[-87.956283,47.384542],[-88.350623,47.077833],[-88.443731,46.973771],[-88.438254,46.787555],[-88.246561,46.929956],[-87.901513,46.908048],[-87.633143,46.809463],[-87.392158,46.535616],[-87.260711,46.486323],[-87.008772,46.530139],[-86.948526,46.469893],[-86.696587,46.437031],[-86.159846,46.667063],[-85.880522,46.68897],[-85.508091,46.678016],[-85.256151,46.754694],[-85.064458,46.760171],[-85.02612,46.480847],[-84.82895,46.442508],[-84.63178,46.486323],[-84.549626,46.4206],[-84.418179,46.502754],[-84.127902,46.530139],[-84.122425,46.179615],[-83.990978,46.031737],[-83.793808,45.993399],[-83.7719,46.091984],[-83.580208,46.091984],[-83.476146,45.987922],[-83.563777,45.911245],[-84.111471,45.976968],[-84.374364,45.933153],[-84.659165,46.053645],[-84.741319,45.944106],[-84.70298,45.850998],[-84.82895,45.872906],[-85.015166,46.00983],[-85.338305,46.091984],[-85.502614,46.097461],[-85.661445,45.966014],[-85.924338,45.933153],[-86.209139,45.960537],[-86.324155,45.905768],[-86.351539,45.796229],[-86.663725,45.703121],[-86.647294,45.834568],[-86.784218,45.861952],[-86.838987,45.725029],[-87.069019,45.719552],[-87.17308,45.659305],[-87.326435,45.423797],[-87.611236,45.122565],[-87.589328,45.095181]]],[[[-88.805209,47.976051],[-89.057148,47.850082],[-89.188594,47.833651],[-89.177641,47.937713],[-88.547792,48.173221],[-88.668285,48.008913],[-88.805209,47.976051]]]],
        dem_votes: 2804040,
        rep_votes: 2649852,
        other_votes: 85410,
        margin: -0.002230,
        total_votes: 4799284
    },
    {
        name: "Minnesota",
        location: [[[-92.014696,46.705401],[-92.091373,46.749217],[-92.29402,46.667063],[-92.29402,46.075553],[-92.354266,46.015307],[-92.639067,45.933153],[-92.869098,45.719552],[-92.885529,45.577151],[-92.770513,45.566198],[-92.644544,45.440228],[-92.75956,45.286874],[-92.737652,45.117088],[-92.808852,44.750133],[-92.545959,44.569394],[-92.337835,44.552964],[-92.233773,44.443425],[-91.927065,44.333886],[-91.877772,44.202439],[-91.592971,44.032654],[-91.43414,43.994316],[-91.242447,43.775238],[-91.269832,43.616407],[-91.215062,43.501391],[-91.368417,43.501391],[-96.451017,43.501391],[-96.451017,45.297827],[-96.681049,45.412843],[-96.856311,45.604536],[-96.582464,45.818137],[-96.560556,45.933153],[-96.598895,46.332969],[-96.719387,46.437031],[-96.801542,46.656109],[-96.785111,46.924479],[-96.823449,46.968294],[-96.856311,47.609096],[-97.053481,47.948667],[-97.130158,48.140359],[-97.16302,48.545653],[-97.097296,48.682577],[-97.228743,49.000239],[-95.152983,49.000239],[-95.152983,49.383625],[-94.955813,49.372671],[-94.824366,49.295994],[-94.69292,48.775685],[-94.588858,48.715438],[-94.260241,48.699007],[-94.221903,48.649715],[-93.838517,48.627807],[-93.794701,48.518268],[-93.466085,48.545653],[-93.466085,48.589469],[-93.208669,48.644238],[-92.984114,48.62233],[-92.726698,48.540176],[-92.655498,48.436114],[-92.50762,48.447068],[-92.370697,48.222514],[-92.304974,48.315622],[-92.053034,48.359437],[-92.009219,48.266329],[-91.713464,48.200606],[-91.713464,48.112975],[-91.565587,48.041775],[-91.264355,48.080113],[-91.083616,48.178698],[-90.837154,48.238944],[-90.749522,48.091067],[-90.579737,48.123929],[-90.377091,48.091067],[-90.141582,48.112975],[-89.873212,47.987005],[-89.615796,48.008913],[-89.637704,47.954144],[-89.971797,47.828174],[-90.437337,47.729589],[-90.738569,47.625527],[-91.171247,47.368111],[-91.357463,47.20928],[-91.642264,47.028541],[-92.091373,46.787555],[-92.014696,46.705401]]],
        dem_votes: 1717077,
        rep_votes: 1484065,
        other_votes: 76029,
        margin: -0.015201,
        total_votes: 2944813
    },
    {
        name: "Nebraska",
        location: [[[-103.324578,43.002989],[-101.626726,42.997512],[-98.499393,42.997512],[-98.466531,42.94822],[-97.951699,42.767481],[-97.831206,42.866066],[-97.688806,42.844158],[-97.217789,42.844158],[-96.692003,42.657942],[-96.626279,42.515542],[-96.44554,42.488157],[-96.264801,42.039048],[-96.127878,41.973325],[-96.062155,41.798063],[-96.122401,41.67757],[-96.095016,41.540646],[-95.919754,41.453015],[-95.925231,41.201076],[-95.826646,40.976521],[-95.881416,40.719105],[-95.7664,40.587659],[-95.552799,40.264519],[-95.306337,40.001626],[-101.90605,40.001626],[-102.053927,40.001626],[-102.053927,41.003906],[-104.053011,41.003906],[-104.053011,43.002989],[-103.324578,43.002989]]],
        dem_votes: 176468,
        rep_votes: 154377,
        other_votes: 6909,
        margin: -0.022401,
        total_votes: 291680
    },
    {
        name: "Nevada",
        location: [[[-117.027882,42.000709],[-114.04295,41.995232],[-114.048427,37.000263],[-114.048427,36.195153],[-114.152489,36.025367],[-114.251074,36.01989],[-114.371566,36.140383],[-114.738521,36.102045],[-114.678275,35.516012],[-114.596121,35.324319],[-114.574213,35.138103],[-114.634459,35.00118],[-115.85034,35.970598],[-116.540435,36.501861],[-117.498899,37.21934],[-118.71478,38.101128],[-120.001861,38.999346],[-119.996384,40.264519],[-120.001861,41.995232],[-118.698349,41.989755],[-117.027882,42.000709]]],
        dem_votes: 703486,
        rep_votes: 669890,
        other_votes: 32000,
        margin: -0.024171,
        total_votes: 1125385
    },
    {
        name: "New Hampshire",
        location: [[[-71.08183,45.303304],[-71.032537,44.657025],[-70.966814,43.34256],[-70.807983,43.227544],[-70.824413,43.128959],[-70.703921,43.057759],[-70.818936,42.871543],[-70.917521,42.887974],[-71.185891,42.789389],[-71.29543,42.696281],[-72.456542,42.729142],[-72.544173,42.80582],[-72.533219,42.953697],[-72.445588,43.008466],[-72.456542,43.150867],[-72.379864,43.572591],[-72.204602,43.769761],[-72.116971,43.994316],[-72.02934,44.07647],[-72.034817,44.322932],[-71.700724,44.41604],[-71.536416,44.585825],[-71.629524,44.750133],[-71.4926,44.914442],[-71.503554,45.013027],[-71.361154,45.270443],[-71.131122,45.243058],[-71.08183,45.303304]]],
        dem_votes: 424921,
        rep_votes: 365654,
        other_votes: 15607,
        margin: 0.003676,
        total_votes: 744158
    },
    {
        name: "North Carolina",
        location: [[[-80.978661,36.562108],[-80.294043,36.545677],[-79.510841,36.5402],[-75.868676,36.551154],[-75.75366,36.151337],[-76.032984,36.189676],[-76.071322,36.140383],[-76.410893,36.080137],[-76.460185,36.025367],[-76.68474,36.008937],[-76.673786,35.937736],[-76.399939,35.987029],[-76.3616,35.943213],[-76.060368,35.992506],[-75.961783,35.899398],[-75.781044,35.937736],[-75.715321,35.696751],[-75.775568,35.581735],[-75.89606,35.570781],[-76.147999,35.324319],[-76.482093,35.313365],[-76.536862,35.14358],[-76.394462,34.973795],[-76.279446,34.940933],[-76.493047,34.661609],[-76.673786,34.694471],[-76.991448,34.667086],[-77.210526,34.60684],[-77.555573,34.415147],[-77.82942,34.163208],[-77.971821,33.845545],[-78.179944,33.916745],[-78.541422,33.851022],[-79.675149,34.80401],[-80.797922,34.820441],[-80.781491,34.935456],[-80.934845,35.105241],[-81.038907,35.044995],[-81.044384,35.149057],[-82.276696,35.198349],[-82.550543,35.160011],[-82.764143,35.066903],[-83.109191,35.00118],[-83.618546,34.984749],[-84.319594,34.990226],[-84.29221,35.225734],[-84.09504,35.247642],[-84.018363,35.41195],[-83.7719,35.559827],[-83.498053,35.565304],[-83.251591,35.718659],[-82.994175,35.773428],[-82.775097,35.997983],[-82.638174,36.063706],[-82.610789,35.965121],[-82.216449,36.156814],[-82.03571,36.118475],[-81.909741,36.304691],[-81.723525,36.353984],[-81.679709,36.589492],[-80.978661,36.562108]]],
        dem_votes: 2684292,
        rep_votes: 2758775,
        other_votes: 81737,
        margin: -0.036552,
        total_votes: 4741564
    },
    {
        name: "Ohio",
        location: [[[-80.518598,41.978802],[-80.518598,40.636951],[-80.666475,40.582182],[-80.595275,40.472643],[-80.600752,40.319289],[-80.737675,40.078303],[-80.830783,39.711348],[-81.219646,39.388209],[-81.345616,39.344393],[-81.455155,39.410117],[-81.57017,39.267716],[-81.685186,39.273193],[-81.811156,39.0815],[-81.783771,38.966484],[-81.887833,38.873376],[-82.03571,39.026731],[-82.221926,38.785745],[-82.172634,38.632391],[-82.293127,38.577622],[-82.331465,38.446175],[-82.594358,38.424267],[-82.731282,38.561191],[-82.846298,38.588575],[-82.890113,38.758361],[-83.032514,38.725499],[-83.142052,38.626914],[-83.519961,38.703591],[-83.678792,38.632391],[-83.903347,38.769315],[-84.215533,38.807653],[-84.231963,38.895284],[-84.43461,39.103408],[-84.817996,39.103408],[-84.801565,40.500028],[-84.807042,41.694001],[-83.454238,41.732339],[-83.065375,41.595416],[-82.933929,41.513262],[-82.835344,41.589939],[-82.616266,41.431108],[-82.479343,41.381815],[-82.013803,41.513262],[-81.739956,41.485877],[-81.444201,41.672093],[-81.011523,41.852832],[-80.518598,41.978802],[-80.518598,41.978802]]],
        dem_votes: 2679165,
        rep_votes: 3154834,
        other_votes: 88203,
        margin: -0.081296,
        total_votes: 5496487
    },
    {
        name: "Pennsylvania",
        location: [[[-79.76278,42.252649],[-79.76278,42.000709],[-75.35932,42.000709],[-75.249781,41.863786],[-75.173104,41.869263],[-75.052611,41.754247],[-75.074519,41.60637],[-74.89378,41.436584],[-74.740426,41.431108],[-74.69661,41.359907],[-74.828057,41.288707],[-74.882826,41.179168],[-75.134765,40.971045],[-75.052611,40.866983],[-75.205966,40.691721],[-75.195012,40.576705],[-75.069042,40.543843],[-75.058088,40.417874],[-74.773287,40.215227],[-74.82258,40.127596],[-75.129289,39.963288],[-75.145719,39.88661],[-75.414089,39.804456],[-75.616736,39.831841],[-75.786521,39.722302],[-79.477979,39.722302],[-80.518598,39.722302],[-80.518598,40.636951],[-80.518598,41.978802],[-80.518598,41.978802],[-80.332382,42.033571],[-79.76278,42.269079],[-79.76278,42.252649]]],
        dem_votes: 3458229,
        rep_votes: 3377674,
        other_votes: 79380,
        margin: -0.007184,
        total_votes: 6115402
    },
    {
        name: "Texas",
        location: [[[-101.812942,36.501861],[-100.000075,36.501861],[-100.000075,34.563024],[-99.923398,34.573978],[-99.698843,34.382285],[-99.57835,34.415147],[-99.260688,34.404193],[-99.189488,34.2125],[-98.986841,34.223454],[-98.767763,34.135823],[-98.570593,34.146777],[-98.488439,34.064623],[-98.36247,34.157731],[-98.170777,34.113915],[-98.088623,34.004376],[-97.946222,33.987946],[-97.869545,33.851022],[-97.694283,33.982469],[-97.458774,33.905791],[-97.371143,33.823637],[-97.256128,33.861976],[-97.173974,33.736006],[-96.922034,33.960561],[-96.850834,33.845545],[-96.631756,33.845545],[-96.423633,33.774345],[-96.346956,33.686714],[-96.149786,33.840068],[-95.936185,33.889361],[-95.8376,33.834591],[-95.602092,33.933176],[-95.547322,33.878407],[-95.289906,33.87293],[-95.224183,33.960561],[-94.966767,33.861976],[-94.868182,33.74696],[-94.484796,33.637421],[-94.380734,33.544313],[-94.183564,33.593606],[-94.041164,33.54979],[-94.041164,33.018527],[-94.041164,31.994339],[-93.822086,31.775262],[-93.816609,31.556184],[-93.542762,31.15089],[-93.526331,30.93729],[-93.630393,30.679874],[-93.728978,30.575812],[-93.696116,30.438888],[-93.767317,30.334826],[-93.690639,30.143133],[-93.926148,29.787132],[-93.838517,29.688547],[-94.002825,29.68307],[-94.523134,29.546147],[-94.70935,29.622824],[-94.742212,29.787132],[-94.873659,29.672117],[-94.966767,29.699501],[-95.016059,29.557101],[-94.911997,29.496854],[-94.895566,29.310638],[-95.081782,29.113469],[-95.383014,28.867006],[-95.985477,28.604113],[-96.045724,28.647929],[-96.226463,28.582205],[-96.23194,28.642452],[-96.478402,28.598636],[-96.593418,28.724606],[-96.664618,28.697221],[-96.401725,28.439805],[-96.593418,28.357651],[-96.774157,28.406943],[-96.801542,28.226204],[-97.026096,28.039988],[-97.256128,27.694941],[-97.404005,27.333463],[-97.513544,27.360848],[-97.540929,27.229401],[-97.425913,27.262263],[-97.480682,26.99937],[-97.557359,26.988416],[-97.562836,26.840538],[-97.469728,26.758384],[-97.442344,26.457153],[-97.332805,26.353091],[-97.30542,26.161398],[-97.217789,25.991613],[-97.524498,25.887551],[-97.650467,26.018997],[-97.885976,26.06829],[-98.198161,26.057336],[-98.466531,26.221644],[-98.669178,26.238075],[-98.822533,26.369522],[-99.030656,26.413337],[-99.173057,26.539307],[-99.266165,26.840538],[-99.446904,27.021277],[-99.424996,27.174632],[-99.50715,27.33894],[-99.479765,27.48134],[-99.605735,27.640172],[-99.709797,27.656603],[-99.879582,27.799003],[-99.934351,27.979742],[-100.082229,28.14405],[-100.29583,28.280974],[-100.399891,28.582205],[-100.498476,28.66436],[-100.629923,28.905345],[-100.673738,29.102515],[-100.799708,29.244915],[-101.013309,29.370885],[-101.062601,29.458516],[-101.259771,29.535193],[-101.413125,29.754271],[-101.851281,29.803563],[-102.114174,29.792609],[-102.338728,29.869286],[-102.388021,29.765225],[-102.629006,29.732363],[-102.809745,29.524239],[-102.919284,29.190146],[-102.97953,29.184669],[-103.116454,28.987499],[-103.280762,28.982022],[-103.527224,29.135376],[-104.146119,29.381839],[-104.266611,29.513285],[-104.507597,29.639255],[-104.677382,29.924056],[-104.688336,30.181472],[-104.858121,30.389596],[-104.896459,30.570335],[-105.005998,30.685351],[-105.394861,30.855136],[-105.602985,31.085167],[-105.77277,31.167321],[-105.953509,31.364491],[-106.205448,31.468553],[-106.38071,31.731446],[-106.528588,31.786216],[-106.643603,31.901231],[-106.616219,31.999816],[-103.067161,31.999816],[-103.067161,33.002096],[-103.045254,34.01533],[-103.039777,36.501861],[-103.001438,36.501861],[-101.812942,36.501861]]],
        dem_votes: 5259126,
        rep_votes: 5890347,
        other_votes: 165583,
        margin: -0.089994,
        total_votes: 8969226
    },
    {
        name: "Wisconsin",
        location: [[[-90.415429,46.568478],[-90.229213,46.508231],[-90.119674,46.338446],[-89.09001,46.135799],[-88.662808,45.987922],[-88.531362,46.020784],[-88.10416,45.922199],[-87.989145,45.796229],[-87.781021,45.675736],[-87.791975,45.500474],[-87.885083,45.363551],[-87.649574,45.341643],[-87.742682,45.199243],[-87.589328,45.095181],[-87.627666,44.974688],[-87.819359,44.95278],[-87.983668,44.722749],[-88.043914,44.563917],[-87.928898,44.536533],[-87.775544,44.640595],[-87.611236,44.837764],[-87.403112,44.914442],[-87.238804,45.166381],[-87.03068,45.22115],[-87.047111,45.089704],[-87.189511,44.969211],[-87.468835,44.552964],[-87.545512,44.322932],[-87.540035,44.158624],[-87.644097,44.103854],[-87.737205,43.8793],[-87.704344,43.687607],[-87.791975,43.561637],[-87.912467,43.249452],[-87.885083,43.002989],[-87.76459,42.783912],[-87.802929,42.493634],[-88.788778,42.493634],[-90.639984,42.510065],[-90.711184,42.636034],[-91.067185,42.75105],[-91.143862,42.909881],[-91.176724,43.134436],[-91.056231,43.254929],[-91.204109,43.353514],[-91.215062,43.501391],[-91.269832,43.616407],[-91.242447,43.775238],[-91.43414,43.994316],[-91.592971,44.032654],[-91.877772,44.202439],[-91.927065,44.333886],[-92.233773,44.443425],[-92.337835,44.552964],[-92.545959,44.569394],[-92.808852,44.750133],[-92.737652,45.117088],[-92.75956,45.286874],[-92.644544,45.440228],[-92.770513,45.566198],[-92.885529,45.577151],[-92.869098,45.719552],[-92.639067,45.933153],[-92.354266,46.015307],[-92.29402,46.075553],[-92.29402,46.667063],[-92.091373,46.749217],[-92.014696,46.705401],[-91.790141,46.694447],[-91.09457,46.864232],[-90.837154,46.95734],[-90.749522,46.88614],[-90.886446,46.754694],[-90.55783,46.584908],[-90.415429,46.568478]]],
        dem_votes: 1630866,
        rep_votes: 1610184,
        other_votes: 56991,
        margin: -0.007643,
        total_votes: 2976150
    }
    
  ];
  